10
0,1,2,3,4,5,6,7,8
0,1,/
(0 0 1)
(0 1 5)
(1 0 2)
(1 1 5)
(2 0 9)
(2 1 3)
(3 0 2)
(3 1 4)
(4 0 8)
(4 1 9)
(5 0 1)
(5 1 6)
(6 0 7)
(6 1 9)
(7 0 8)
(7 1 6)
(8 0 9)
(8 1 4)
(9 0 9)
(9 1 9)
/
00
0011
110011
010101
000
00102
1100101
10110100101
1001011010110
##########
8
4,5,6
a%z,A%Z,0%9,-,_,.,@,/
(0 a%z 0)
(0 A%Z 0)
(0 0%9 0)
(0 - 0)
(0 _ 0)
(0 . 0)
(0 @ 1)
(1 a%z 1)
(1 A%Z 1)
(1 0%9 1)
(1 - 1)
(1 _ 1)
(1 . 2)
(1 @ 7)
(2 a%z 3)
(2 A%Z 3)
(2 0%9 7)
(2 - 7)
(2 _ 7)
(2 . 7)
(2 @ 7)
(3 a%z 4)
(3 A%Z 4)
(3 0%9 7)
(3 - 7)
(3 _ 7)
(3 . 7)
(3 @ 7)
(4 a%z 5)
(4 A%Z 5)
(4 0%9 7)
(4 - 7)
(4 _ 7)
(4 . 7)
(4 @ 7)
(5 a%z 6)
(5 A%Z 6)
(5 0%9 7)
(5 - 7)
(5 _ 7)
(5 . 7)
(5 @ 7)
(6 a%z 7)
(6 A%Z 7)
(6 0%9 7)
(6 - 7)
(6 _ 7)
(6 . 7)
(6 @ 7)
(7 a%z 7)
(7 A%Z 7)
(7 0%9 7)
(7 - 7)
(7 _ 7)
(7 . 7)
(7 @ 7)
a.b.c@d.w3c
jsmith
jsmith@olympus
jsmith@olympus.gov
_jsmith-example.olympus@states.us
jsmith.edu
john@mail.office
ComputerScienceDepartment@csupomona.edu
jsmith@LA.cnn.com
SMITH@bookStore.Peru
##########
4
1,2
a%z,A%Z,0%9,$,_,/
(0 a%z 1)
(0 A%Z 1)
(0 0%9 3)
(0 $ 1)
(0 _ 1)
(1 a%z 2)
(1 A%Z 2)
(1 0%9 2)
(1 $ 2)
(1 _ 2)
(2 a%z 2)
(2 A%Z 2)
(2 0%9 2)
(2 $ 2)
(2 _ 2)
(3 a%z 3)
(3 A%Z 3)
(3 0%9 3)
(3 $ 3)
(3 _ 3)
a
$
_
TAX_RATE
$amount
week day
3dGraph
X3y7
_finite_automaton
X*Y
##########
11
5,6,7
0,1%9,.,+,-
(0 0 3)
(0 1%9 2)
(0 + 1)
(0 - 1)
(0 . 4)
(1 0 3)
(1 1%9 2)
(1 + 10)
(1 - 10)
(1 . 4)
(2 0 2)
(2 1%9 2)
(2 + 10)
(2 - 10)
(2 . 5)
(3 0 10)
(3 1%9 10)
(3 + 10)
(3 - 10)
(3 . 5)
(4 0 6)
(4 1%9 7)
(4 + 10)
(4 - 10)
(4 . 10)
(5 0 6)
(5 1%9 7)
(5 + 10)
(5 - 10)
(5 . 10)
(6 0 9)
(6 1%9 7)
(6 + 10)
(6 - 10)
(6 . 10)
(7 0 8)
(7 1%9 7)
(7 + 10)
(7 - 10)
(7 . 10)
(8 0 8)
(8 1%9 7)
(8 + 10)
(8 - 10)
(8 . 10)
(9 0 9)
(9 1%9 7)
(9 + 10)
(9 - 10)
(9 . 10)
(10 0 10)
(10 1%9 10)
(10 + 10)
(10 - 10)
(10 . 10)
+1.23
-.123
123.
-0.0
01234.5
+789
.
56.30
+120.0001
123000.0
##########
15
1,2,3,7,8,9,13,/
0,1,2
(0 0 3)
(0 1 2)
(0 2 1)
(1 0 8)
(1 1 7)
(1 2 4)
(2 0 9)
(2 1 5)
(2 2 7)
(3 0 6)
(3 1 9)
(3 2 8)
(4 0 8)
(4 1 7)
(4 2 4)
(5 0 9)
(5 1 5)
(5 2 7)
(6 0 6)
(6 1 9)
(6 2 8)
(7 0 13)
(7 1 10)
(7 2 10)
(8 0 11)
(8 1 13)
(8 2 11)
(9 0 12)
(9 1 12)
(9 2 13)
(10 0 13)
(10 1 10)
(10 2 10)
(11 0 11)
(11 1 13)
(11 2 11)
(12 0 12)
(12 1 12)
(12 2 13)
(13 0 14)
(13 1 14)
(13 2 14)
(14 0 14)
(14 1 14)
(14 2 14)
0
01
012
22
2102
0221
01012
120120
110221210
0202321
##########